0000150 0186933 1
0000150 0452955 1
0000150 0452955 2
0000155 0134620 1
0000155 0123027 1
0000155 0134620 1
0000155 0050928 1
0000155 0373637 1
0000155 0151670 1
0000155 0143373 1
0000155 0368372 2
0000172 0397068 1
0000172 0055710 1
0000172 0464731 1
0000172 0403998 1
0000172 0018519 1
0000172 0027248 1
0000172 0363106 1
0000172 0010034 1
0000172 0302810 1
0000172 0010034 1
0000172 0412628 1
0000172 0374400 1
0000172 0323030 1
0000172 0464731 1
0000172 0010034 1
0000172 0378862 1
0000172 0292240 1
0000172 0254301 1
0000172 0464731 1
0000172 0253720 1
0000172 0010034 1
0000172 0292240 1
0000172 0292240 1
0000172 0292240 1
0000172 0228229 1
0000172 0010034 1
0000172 0010034 2
0000264 0161949 1
0000264 0161949 1
0000264 0459835 1
0000264 0459835 2
0000299 0416219 1
0000299 0416219 1
0000299 0149253 1
0000299 0149253 2
0000318 0184990 1
0000318 0354233 1
0000318 0280029 1
0000318 0133814 1
0000318 0133814 2
0000379 0356455 1
0000379 0320130 1
0000379 0320130 2
0000416 0232172 1
0000416 0232172 1
0000416 0232172 1
0000416 0232172 2
0000419 0019278 1
0000419 0019278 1
0000419 0019278 2
0000420 0178480 1
0000420 0395273 1
0000420 0395273 2
0000539 0094371 1
0000539 0094371 1
0000539 0094371 2
0000627 0361587 1
0000627 0414182 1
0000627 0361587 1
0000627 0414182 1
0000627 0414182 2
0000648 0440402 1
0000648 0029879 1
0000648 0192251 1
0000648 0391472 1
0000648 0101722 1
0000648 0453286 1
0000648 0321984 1
0000648 0343848 1
0000648 0157121 1
0000648 0313404 1
0000648 0453286 1
0000648 0101722 1
0000648 0391472 1
0000648 0207125 1
0000648 0207125 2
0000845 0333588 1
0000845 0351530 1
0000845 0351530 2
0000878 0110374 1
0000878 0420960 1
0000878 0283916 1
0000878 0268883 1
0000878 0283916 1
0000878 0283916 2
0000964 0430113 1
0000964 0430113 1
0000964 0430113 1
0000964 0430113 2
0001032 0195971 1
0001032 0243949 1
0001032 0243949 2
0001212 0071233 1
0001212 0338660 1
0001212 0338660 2
0001634 0432478 1
0001634 0438322 1
0001634 0021838 2
0001634 0021838 1
0001634 0021838 1
0001634 0438322 1
0001634 0000869 2
0001641 0348478 1
0001641 0348478 1
0001641 0348478 2
0001765 0031933 1
0001765 0330469 1
0001765 0330469 2
0001765 0031933 1
0001765 0031933 1
0001765 0031933 1
0001765 0031933 1
0001765 0031933 1
0001765 0031933 1
0001765 0031933 1
0001765 0330469 1
0001765 0330469 2
0001936 0369447 1
0001936 0369447 1
0001936 0369447 2
0002019 0413999 1
0002019 0393144 1
0002019 0328869 2
0002019 0005594 1
0002019 0180097 1
0002019 0210279 1
0002019 0180097 1
0002019 0210279 1
0002019 0210279 1
0002019 0445559 1
0002019 0445559 1
0002019 0210279 1
0002019 0445559 1
0002019 0445559 2
0002114 0259884 1
0002114 0029940 1
0002114 0259884 1
0002114 0342816 1
0002114 0342264 1
0002114 0342264 2
